673
675
299534
315635
105
120
674
767
2134
12444
12445
16869
38365
39538
70160
72976
101299
131631
209112
271110
274870
283995
284053
284054
299536
324857
348350
363088
429617
433501
736074
11
12
13
18
22
35
38
65
73
74
85
97
118
121
122
137
152
154
155
157
161
162
165
168
172
174
193
196
199
200
201
238
252
268
272
274
278
310
314
329
332
364
389
408
411
414
415
423
425
433
435
454
489
496
497
510
550
557
558
559
562
564
578
583
585
594
595
600
601
603
604
605
607
608
620
630
671
672
710
747
762
769
771
772
788
808
809
810
812
854
856
857
862
863
871
879
920
929
948
950
953
954
955
956
1124
1265
1359
1452
1593
1624
1648
1649
1685
1687
1724
1726
1734
1771
1885
1891
1892
1893
1894
1895
1924
1927
1930
1949
1954
1979
2048
2059
2062
2080
2105
2108
2268
2300
2454
2501
2502
2503
2605
2698
2770
2978
3170
3933
4011
4247
4638
4964
5255
5559
6477
6479
6795
6957
7191
7443
7445
7453
8204
8247
8273
8355
8358
8363
8467
8487
8489
8536
8587
8699
8844
8871
8916
8920
8960
9016
9021
9078
9279
9297
9325
9340
9377
9487
9502
9600
9637
9737
9738
9741
9806
9820
9829
9836
9837
9880
9894
9969
9982
10020
10112
10137
10138
10140
10144
10191
10192
10193
10195
10196
10198
10199
10201
10202
10315
10340
10379
10386
10501
10527
10528
10530
10545
10555
10567
10588
10625
10637
10674
10681
10693
10719
10734
10830
10865
10882
10895
10947
10948
11011
11024
11135
11224
11238
11319
11360
11395
11459
11544
11688
11774
11824
11836
11886
11887
11970
12092
12133
12155
12180
12222
12230
12335
12797
13053
13183
13223
13377
13475
13480
13649
13673
13767
14160
14161
14199
14410
14442
14613
14836
14873
15512
15969
16000
16366
16523
16577
16690
17578
17610
17979
18360
18480
18785
19908
19995
20352
20526
22538
22620
22794
23023
23048
23082
23398
24420
24428
24884
25642
27205
27581
30061
32657
33217
34584
36657
36658
36668
37135
37165
37799
38050
38055
38575
38757
39513
41154
43074
44896
44912
45243
45269
45772
49013
49026
49444
49519
49521
49538
50359
50546
50646
51052
51540
51876
54138
55301
56292
57800
417859
58595
59722
59967
60307
61791
62177
62206
62211
62214
64688
68718
68721
68726
68728
68734
69798
71552
71688
72105
72190
72545
73723
75656
76122
76170
76203
76285
76338
76341
76492
76493
76535
76600
76726
80274
80278
80321
81188
82650
82687
82690
82700
82702
82703
87827
88751
93456
98566
99861
100402
102382
102651
102899
105864
106646
109414
109418
109443
109445
109451
110415
114150
118340
119450
119569
120467
121856
123025
127380
127585
131634
135397
136406
136799
137106
137113
138832
138843
140300
140607
141052
142061
232842
146233
150540
150689
152532
152760
153518
157336
157350
158852
159824
166424
166428
170687
177572
177677
181533
181808
181812
183011
187017
188927
190859
195589
198391
198663
205596
206487
210024
210577
211387
211672
217993
224141
227159
227306
227973
228161
228165
228967
241259
242022
242582
243938
244786
245706
245891
246655
251519
253980
254128
254470
256961
257211
257344
257445
258489
258509
259316
260513
260514
263115
266856
268531
268896
269149
270946
273895
274167
274855
277216
277834
278154
278927
280217
281338
313106
283366
284052
286217
287663
287947
291805
291870
293167
293660
294016
294254
297556
297762
297761
314095
300302
299537
297802
301528
308531
296099
15691
296100
295693
316029
318846
320288
321528
321612
321697
324849
324852
328111
328387
330459
324786
333339
333371
301337
335797
335983
336843
308266
337755
338762
338952
338953
338967
339403
339964
310307
302699
353081
353616
351286
353486
345940
374720
366924
379291
383498
385103
345914
376659
369883
382322
387893
356305
390043
384521
340102
384257
376660
395991
396371
373571
381284
398978
399404
399566
399579
400160
400650
400928
402529
402897
404368
408220
381288
397717
408647
410718
414906
416144
369523
424783
412117
425909
426563
427641
420817
436969
419680
428078
447200
445571
447362
447404
451915
450465
453395
453405
424694
454626
454640
454294
455980
457249
457799
458131
464052
429197
466272
470044
475557
479455
487242
487672
487670
487558
491418
493551
495764
497582
497698
499932
501979
505642
505948
509967
510073
512200
514999
515001
515195
522212
522627
522681
524047
524434
530915
531309
537116
537056
537055
539626
357118
541134
546554
550988
552178
556984
559969
566525
577922
570670
580489
581802
583406
547016
585216
590223
593489
587792
600354
602281
614934
615677
618344
618354
618355
630656
631843
634649
601470
640146
646380
653349
653598
656690
661374
696806
732670
736073
736069
738362
740985
760336
774752
776503
791373
795514
799555
801335
831405
887357
894205
899082
904263
962697
973164